deutschland/fritz.os/FRITZ.Box_6590_Cable-07.10.image Largest=34.13 MB Server=08:43:03 at 12.04.2023 Created=16:19:56 at 22.05.2019 OEMs=avm Countries=049 99 0234 0255 0256 0264 027 030 031 032 033 034 0351 0352 0353 0357 0358 036 0371 0372 0376 0382 0385 0386 0387 0389 039 041 0420 0421 043 044 045 046 047 048 054 061 064 066 0972 Languages=de en es it fr pl
deutschland/fritz.os/FRITZ.Box_6590_Cable-07.12.image Largest=34.12 MB Server=08:41:58 at 12.04.2023 Created=16:41:38 at 08.10.2019 OEMs=avm Countries=049 99 0234 0255 0256 0264 027 030 031 032 033 034 0351 0352 0353 0357 0358 036 0371 0372 0376 0382 0385 0386 0387 0389 039 041 0420 0421 043 044 045 046 047 048 054 061 064 066 0972 Languages=de en es it fr pl
deutschland/fritz.os/FRITZ.Box_6590_Cable-07.25.image Largest=35.15 MB Server=08:42:07 at 12.04.2023 Created=13:56:59 at 22.03.2021 OEMs=avm Countries=049 99 0234 0255 0256 0264 027 030 031 032 033 034 0351 0352 0353 0357 0358 036 0371 0372 0376 0382 0385 0386 0387 0389 039 041 0420 0421 043 044 045 046 047 048 054 061 064 066 0972 Languages=de en es it fr pl
deutschland/fritz.os/FRITZ.Box_6590_Cable-07.27.image Largest=35.16 MB Server=08:42:17 at 12.04.2023 Created=15:20:20 at 10.05.2021 OEMs=avm Countries=049 99 0234 0255 0256 0264 027 030 031 032 033 034 0351 0352 0353 0357 0358 036 0371 0372 0376 0382 0385 0386 0387 0389 039 041 0420 0421 043 044 045 046 047 048 054 061 064 066 0972 Languages=de en es it fr pl
deutschland/fritz.os/FRITZ.Box_6590_Cable-07.28.image Largest=35.17 MB Server=08:42:26 at 12.04.2023 Created=13:10:59 at 23.08.2021 OEMs=avm Countries=049 99 0234 0255 0256 0264 027 030 031 032 033 034 0351 0352 0353 0357 0358 036 0371 0372 0376 0382 0385 0386 0387 0389 039 041 0420 0421 043 044 045 046 047 048 054 061 064 066 0972 Languages=de en es it fr pl
deutschland/fritz.os/FRITZ.Box_6590_Cable-07.29.image Largest=35.18 MB Server=08:42:35 at 12.04.2023 Created=14:55:26 at 05.11.2021 OEMs=avm Countries=049 99 0234 0255 0256 0264 027 030 031 032 033 034 0351 0352 0353 0357 0358 036 0371 0372 0376 0382 0385 0386 0387 0389 039 041 0420 0421 043 044 045 046 047 048 054 061 064 066 0972 Languages=de en es it fr pl
deutschland/fritz.os/FRITZ.Box_6590_Cable-07.56.image Largest=37.47 MB Server=16:38:26 at 20.07.2023 Created=13:19:31 at 18.07.2023 OEMs=avm Countries=049 99 0234 0255 0256 0264 0267 027 030 031 032 033 034 0351 0352 0353 0357 0358 036 0371 0372 0376 0382 0385 0386 0387 0389 039 041 0420 0421 043 044 045 046 047 048 054 061 064 066 0972 Languages=de en es it fr pl
deutschland/fritz.os/FRITZ.Box_6590_Cable-07.57.image Largest=37.47 MB Server=15:50:52 at 04.09.2023 Created=11:20:22 at 02.09.2023 OEMs=avm Countries=049 99 0234 0255 0256 0264 0267 027 030 031 032 033 034 0351 0352 0353 0357 0358 036 0371 0372 0376 0382 0385 0386 0387 0389 039 041 0420 0421 043 044 045 046 047 048 054 061 064 066 0972 Languages=de en es it fr pl
other/fritz.os/FRITZ.Box_6590_Cable-07.25.image Largest=35.15 MB Server=08:43:46 at 12.04.2023 Created=13:56:59 at 22.03.2021 OEMs=avm Countries=049 99 0234 0255 0256 0264 027 030 031 032 033 034 0351 0352 0353 0357 0358 036 0371 0372 0376 0382 0385 0386 0387 0389 039 041 0420 0421 043 044 045 046 047 048 054 061 064 066 0972 Languages=de en es it fr pl
other/fritz.os/FRITZ.Box_6590_Cable-07.27.image Largest=35.16 MB Server=08:43:56 at 12.04.2023 Created=15:20:20 at 10.05.2021 OEMs=avm Countries=049 99 0234 0255 0256 0264 027 030 031 032 033 034 0351 0352 0353 0357 0358 036 0371 0372 0376 0382 0385 0386 0387 0389 039 041 0420 0421 043 044 045 046 047 048 054 061 064 066 0972 Languages=de en es it fr pl
other/fritz.os/FRITZ.Box_6590_Cable-07.28.image Largest=35.17 MB Server=08:44:05 at 12.04.2023 Created=13:10:59 at 23.08.2021 OEMs=avm Countries=049 99 0234 0255 0256 0264 027 030 031 032 033 034 0351 0352 0353 0357 0358 036 0371 0372 0376 0382 0385 0386 0387 0389 039 041 0420 0421 043 044 045 046 047 048 054 061 064 066 0972 Languages=de en es it fr pl
other/fritz.os/FRITZ.Box_6590_Cable-07.29.image Largest=35.18 MB Server=08:44:15 at 12.04.2023 Created=14:55:26 at 05.11.2021 OEMs=avm Countries=049 99 0234 0255 0256 0264 027 030 031 032 033 034 0351 0352 0353 0357 0358 036 0371 0372 0376 0382 0385 0386 0387 0389 039 041 0420 0421 043 044 045 046 047 048 054 061 064 066 0972 Languages=de en es it fr pl
other/fritz.os/FRITZ.Box_6590_Cable-07.56.image Largest=37.47 MB Server=16:38:28 at 20.07.2023 Created=13:19:31 at 18.07.2023 OEMs=avm Countries=049 99 0234 0255 0256 0264 0267 027 030 031 032 033 034 0351 0352 0353 0357 0358 036 0371 0372 0376 0382 0385 0386 0387 0389 039 041 0420 0421 043 044 045 046 047 048 054 061 064 066 0972 Languages=de en es it fr pl
other/fritz.os/FRITZ.Box_6590_Cable-07.57.image Largest=37.47 MB Server=16:07:05 at 04.09.2023 Created=11:20:22 at 02.09.2023 OEMs=avm Countries=049 99 0234 0255 0256 0264 0267 027 030 031 032 033 034 0351 0352 0353 0357 0358 036 0371 0372 0376 0382 0385 0386 0387 0389 039 041 0420 0421 043 044 045 046 047 048 054 061 064 066 0972 Languages=de en es it fr pl
