FRITZ.Box_6490_Cable-07.39-100627-Inhaus.image came to server 18.10.2022 created on 08.10.2022 OEMs=avm Countries=049 99 0234 0255 0256 0264 0267 027 030 031 032 033 034 0351 0352 0353 0357 0358 036 0371 0372 0376 0382 0385 0386 0387 0389 039 041 0420 0421 043 044 045 046 047 048 054 061 064 066 0972 Languages=de en es it fr pl Revision=
FRITZ.Box_6490_Cable-07.39-100807-Inhaus.image came to server 18.10.2022 created on 15.10.2022 OEMs=kdg Countries=049 99 0234 0255 0256 0264 0267 027 030 031 032 033 034 0351 0352 0353 0357 0358 036 0371 0372 0376 0382 0385 0386 0387 0389 039 041 0420 0421 043 044 045 046 047 048 054 061 064 066 0972 Languages=de en es it fr pl Revision=
FRITZ.Box_6490_Cable-07.39-100850-Inhaus.image came to server 20.10.2022 created on 18.10.2022 OEMs=avm Countries=049 99 0234 0255 0256 0264 0267 027 030 031 032 033 034 0351 0352 0353 0357 0358 036 0371 0372 0376 0382 0385 0386 0387 0389 039 041 0420 0421 043 044 045 046 047 048 054 061 064 066 0972 Languages=de en es it fr pl Revision=
FRITZ.Box_6490_Cable-07.39-100852-Inhaus.image came to server 20.10.2022 created on 18.10.2022 OEMs=kdg Countries=049 99 0234 0255 0256 0264 0267 027 030 031 032 033 034 0351 0352 0353 0357 0358 036 0371 0372 0376 0382 0385 0386 0387 0389 039 041 0420 0421 043 044 045 046 047 048 054 061 064 066 0972 Languages=de en es it fr pl Revision=
FRITZ.Box_6490_Cable-07.39-100952-Inhaus.image came to server 25.10.2022 created on 22.10.2022 OEMs=avm Countries=049 99 0234 0255 0256 0264 0267 027 030 031 032 033 034 0351 0352 0353 0357 0358 036 0371 0372 0376 0382 0385 0386 0387 0389 039 041 0420 0421 043 044 045 046 047 048 054 061 064 066 0972 Languages=de en es it fr pl Revision=
FRITZ.Box_6490_Cable-07.39-100954-Inhaus.image came to server 25.10.2022 created on 22.10.2022 OEMs=kdg Countries=049 99 0234 0255 0256 0264 0267 027 030 031 032 033 034 0351 0352 0353 0357 0358 036 0371 0372 0376 0382 0385 0386 0387 0389 039 041 0420 0421 043 044 045 046 047 048 054 061 064 066 0972 Languages=de en es it fr pl Revision=
FRITZ.Box_6490_Cable-07.39-101090-Inhaus.image came to server 01.11.2022 created on 29.10.2022 OEMs=avm Countries=049 99 0234 0255 0256 0264 0267 027 030 031 032 033 034 0351 0352 0353 0357 0358 036 0371 0372 0376 0382 0385 0386 0387 0389 039 041 0420 0421 043 044 045 046 047 048 054 061 064 066 0972 Languages=de en es it fr pl Revision=
FRITZ.Box_6490_Cable-07.39-101092-Inhaus.image came to server 01.11.2022 created on 29.10.2022 OEMs=kdg Countries=049 99 0234 0255 0256 0264 0267 027 030 031 032 033 034 0351 0352 0353 0357 0358 036 0371 0372 0376 0382 0385 0386 0387 0389 039 041 0420 0421 043 044 045 046 047 048 054 061 064 066 0972 Languages=de en es it fr pl Revision=
FRITZ.Box_6490_Cable-07.39-101255-Inhaus.image came to server 10.11.2022 created on 05.11.2022 OEMs=avm Countries=049 99 0234 0255 0256 0264 0267 027 030 031 032 033 034 0351 0352 0353 0357 0358 036 0371 0372 0376 0382 0385 0386 0387 0389 039 041 0420 0421 043 044 045 046 047 048 054 061 064 066 0972 Languages=de en es it fr pl Revision=
FRITZ.Box_6490_Cable-07.39-101257-Inhaus.image came to server 10.11.2022 created on 05.11.2022 OEMs=kdg Countries=049 99 0234 0255 0256 0264 0267 027 030 031 032 033 034 0351 0352 0353 0357 0358 036 0371 0372 0376 0382 0385 0386 0387 0389 039 041 0420 0421 043 044 045 046 047 048 054 061 064 066 0972 Languages=de en es it fr pl Revision=
FRITZ.Box_6490_Cable-07.39-101467-Inhaus.image came to server 16.11.2022 created on 15.11.2022 OEMs=avm Countries=049 99 0234 0255 0256 0264 0267 027 030 031 032 033 034 0351 0352 0353 0357 0358 036 0371 0372 0376 0382 0385 0386 0387 0389 039 041 0420 0421 043 044 045 046 047 048 054 061 064 066 0972 Languages=de en es it fr pl Revision=
FRITZ.Box_6490_Cable-07.39-101469-Inhaus.image came to server 16.11.2022 created on 15.11.2022 OEMs=kdg Countries=049 99 0234 0255 0256 0264 0267 027 030 031 032 033 034 0351 0352 0353 0357 0358 036 0371 0372 0376 0382 0385 0386 0387 0389 039 041 0420 0421 043 044 045 046 047 048 054 061 064 066 0972 Languages=de en es it fr pl Revision=
FRITZ.Box_6490_Cable-07.39-101571-Inhaus.image came to server 18.11.2022 created on 18.11.2022 OEMs=avm Countries=049 99 0234 0255 0256 0264 0267 027 030 031 032 033 034 0351 0352 0353 0357 0358 036 0371 0372 0376 0382 0385 0386 0387 0389 039 041 0420 0421 043 044 045 046 047 048 054 061 064 066 0972 Languages=de en es it fr pl Revision=
FRITZ.Box_6490_Cable-07.39-101573-Inhaus.image came to server 18.11.2022 created on 18.11.2022 OEMs=kdg Countries=049 99 0234 0255 0256 0264 0267 027 030 031 032 033 034 0351 0352 0353 0357 0358 036 0371 0372 0376 0382 0385 0386 0387 0389 039 041 0420 0421 043 044 045 046 047 048 054 061 064 066 0972 Languages=de en es it fr pl Revision=
FRITZ.Box_6490_Cable-07.39-101646-Inhaus.image came to server 22.11.2022 created on 21.11.2022 OEMs=avm Countries=049 99 0234 0255 0256 0264 0267 027 030 031 032 033 034 0351 0352 0353 0357 0358 036 0371 0372 0376 0382 0385 0386 0387 0389 039 041 0420 0421 043 044 045 046 047 048 054 061 064 066 0972 Languages=de en es it fr pl Revision=
FRITZ.Box_6490_Cable-07.39-101651-Inhaus.image came to server 22.11.2022 created on 21.11.2022 OEMs=kdg Countries=049 99 0234 0255 0256 0264 0267 027 030 031 032 033 034 0351 0352 0353 0357 0358 036 0371 0372 0376 0382 0385 0386 0387 0389 039 041 0420 0421 043 044 045 046 047 048 054 061 064 066 0972 Languages=de en es it fr pl Revision=
FRITZ.Box_6490_Cable-07.39-101751-Inhaus.image came to server 30.11.2022 created on 28.11.2022 OEMs=avm Countries=049 99 0234 0255 0256 0264 0267 027 030 031 032 033 034 0351 0352 0353 0357 0358 036 0371 0372 0376 0382 0385 0386 0387 0389 039 041 0420 0421 043 044 045 046 047 048 054 061 064 066 0972 Languages=de en es it fr pl Revision=
FRITZ.Box_6490_Cable-07.39-101753-Inhaus.image came to server 30.11.2022 created on 28.11.2022 OEMs=kdg Countries=049 99 0234 0255 0256 0264 0267 027 030 031 032 033 034 0351 0352 0353 0357 0358 036 0371 0372 0376 0382 0385 0386 0387 0389 039 041 0420 0421 043 044 045 046 047 048 054 061 064 066 0972 Languages=de en es it fr pl Revision=
