FRITZ.Box_6490_Cable-07.24-83489-Inhaus.image came to server 19.11.2020 created on 12.11.2020 OEMs=avm Countries=049 99 0234 0255 0256 0264 027 030 031 032 033 034 0351 0352 0353 0357 0358 036 0371 0372 0376 0382 0385 0386 0387 0389 039 041 0420 0421 043 044 045 046 047 048 054 061 064 066 0972 Languages=de en es it fr pl Revision=
FRITZ.Box_6490_Cable-07.24-85270-Inhaus.image came to server 18.01.2021 created on 14.01.2021 OEMs=kdg Countries=049 99 0234 0255 0256 0264 027 030 031 032 033 034 0351 0352 0353 0357 0358 036 0371 0372 0376 0382 0385 0386 0387 0389 039 041 0420 0421 043 044 045 046 047 048 054 061 064 066 0972 Languages=de en es it fr pl Revision=
FRITZ.Box_6490_Cable-07.24-85273-Inhaus.image came to server 18.01.2021 created on 14.01.2021 OEMs=avm Countries=049 99 0234 0255 0256 0264 027 030 031 032 033 034 0351 0352 0353 0357 0358 036 0371 0372 0376 0382 0385 0386 0387 0389 039 041 0420 0421 043 044 045 046 047 048 054 061 064 066 0972 Languages=de en es it fr pl Revision=
FRITZ.Box_6490_Cable-07.24-85444-Inhaus.image came to server 26.01.2021 created on 20.01.2021 OEMs=avm Countries=049 99 0234 0255 0256 0264 027 030 031 032 033 034 0351 0352 0353 0357 0358 036 0371 0372 0376 0382 0385 0386 0387 0389 039 041 0420 0421 043 044 045 046 047 048 054 061 064 066 0972 Languages=de en es it fr pl Revision=
FRITZ.Box_6490_Cable-07.24-85446-Inhaus.image came to server 26.01.2021 created on 20.01.2021 OEMs=kdg Countries=049 99 0234 0255 0256 0264 027 030 031 032 033 034 0351 0352 0353 0357 0358 036 0371 0372 0376 0382 0385 0386 0387 0389 039 041 0420 0421 043 044 045 046 047 048 054 061 064 066 0972 Languages=de en es it fr pl Revision=
FRITZ.Box_6490_Cable-07.24-85779-Inhaus.image came to server 01.02.2021 created on 27.01.2021 OEMs=kdg Countries=049 99 0234 0255 0256 0264 027 030 031 032 033 034 0351 0352 0353 0357 0358 036 0371 0372 0376 0382 0385 0386 0387 0389 039 041 0420 0421 043 044 045 046 047 048 054 061 064 066 0972 Languages=de en es it fr pl Revision=
FRITZ.Box_6490_Cable-07.24-85783-Inhaus.image came to server 01.02.2021 created on 27.01.2021 OEMs=avm Countries=049 99 0234 0255 0256 0264 027 030 031 032 033 034 0351 0352 0353 0357 0358 036 0371 0372 0376 0382 0385 0386 0387 0389 039 041 0420 0421 043 044 045 046 047 048 054 061 064 066 0972 Languages=de en es it fr pl Revision=
FRITZ.Box_6490_Cable-07.24-86040-Inhaus.image came to server 08.02.2021 created on 04.02.2021 OEMs=kdg Countries=049 99 0234 0255 0256 0264 027 030 031 032 033 034 0351 0352 0353 0357 0358 036 0371 0372 0376 0382 0385 0386 0387 0389 039 041 0420 0421 043 044 045 046 047 048 054 061 064 066 0972 Languages=de en es it fr pl Revision=
FRITZ.Box_6490_Cable-07.24-86046-Inhaus.image came to server 08.02.2021 created on 04.02.2021 OEMs=avm Countries=049 99 0234 0255 0256 0264 027 030 031 032 033 034 0351 0352 0353 0357 0358 036 0371 0372 0376 0382 0385 0386 0387 0389 039 041 0420 0421 043 044 045 046 047 048 054 061 064 066 0972 Languages=de en es it fr pl Revision=
FRITZ.Box_6490_Cable-07.24-86144-Inhaus.image came to server 10.02.2021 created on 09.02.2021 OEMs=kdg Countries=049 99 0234 0255 0256 0264 027 030 031 032 033 034 0351 0352 0353 0357 0358 036 0371 0372 0376 0382 0385 0386 0387 0389 039 041 0420 0421 043 044 045 046 047 048 054 061 064 066 0972 Languages=de en es it fr pl Revision=
FRITZ.Box_6490_Cable-07.24-86147-Inhaus.image came to server 10.02.2021 created on 09.02.2021 OEMs=avm Countries=049 99 0234 0255 0256 0264 027 030 031 032 033 034 0351 0352 0353 0357 0358 036 0371 0372 0376 0382 0385 0386 0387 0389 039 041 0420 0421 043 044 045 046 047 048 054 061 064 066 0972 Languages=de en es it fr pl Revision=
FRITZ.Box_6490_Cable-07.24-86367-Inhaus.image came to server 18.02.2021 created on 17.02.2021 OEMs=avm Countries=049 99 0234 0255 0256 0264 027 030 031 032 033 034 0351 0352 0353 0357 0358 036 0371 0372 0376 0382 0385 0386 0387 0389 039 041 0420 0421 043 044 045 046 047 048 054 061 064 066 0972 Languages=de en es it fr pl Revision=
FRITZ.Box_6490_Cable-07.24-86369-Inhaus.image came to server 18.02.2021 created on 17.02.2021 OEMs=kdg Countries=049 99 0234 0255 0256 0264 027 030 031 032 033 034 0351 0352 0353 0357 0358 036 0371 0372 0376 0382 0385 0386 0387 0389 039 041 0420 0421 043 044 045 046 047 048 054 061 064 066 0972 Languages=de en es it fr pl Revision=
