FRITZ.Box_6490_Cable-07.51-102783-Inhaus.image came to server 30.01.2023 created on 24.01.2023 OEMs=avm Countries=049 99 0234 0255 0256 0264 0267 027 030 031 032 033 034 0351 0352 0353 0357 0358 036 0371 0372 0376 0382 0385 0386 0387 0389 039 041 0420 0421 043 044 045 046 047 048 054 061 064 066 0972 Languages=de en es it fr pl Revision=
FRITZ.Box_6490_Cable-07.51-102785-Inhaus.image came to server 30.01.2023 created on 24.01.2023 OEMs=kdg Countries=049 99 0234 0255 0256 0264 0267 027 030 031 032 033 034 0351 0352 0353 0357 0358 036 0371 0372 0376 0382 0385 0386 0387 0389 039 041 0420 0421 043 044 045 046 047 048 054 061 064 066 0972 Languages=de en es it fr pl Revision=
FRITZ.Box_6490_Cable-07.51-103117-Inhaus.image came to server 09.02.2023 created on 07.02.2023 OEMs=avm Countries=049 99 0234 0255 0256 0264 0267 027 030 031 032 033 034 0351 0352 0353 0357 0358 036 0371 0372 0376 0382 0385 0386 0387 0389 039 041 0420 0421 043 044 045 046 047 048 054 061 064 066 0972 Languages=de en es it fr pl Revision=
FRITZ.Box_6490_Cable-07.51-103389-Inhaus.image came to server 22.02.2023 created on 18.02.2023 OEMs=avm Countries=049 99 0234 0255 0256 0264 0267 027 030 031 032 033 034 0351 0352 0353 0357 0358 036 0371 0372 0376 0382 0385 0386 0387 0389 039 041 0420 0421 043 044 045 046 047 048 054 061 064 066 0972 Languages=de en es it fr pl Revision=
FRITZ.Box_6490_Cable-07.51-103391-Inhaus.image came to server 22.02.2023 created on 18.02.2023 OEMs=kdg Countries=049 99 0234 0255 0256 0264 0267 027 030 031 032 033 034 0351 0352 0353 0357 0358 036 0371 0372 0376 0382 0385 0386 0387 0389 039 041 0420 0421 043 044 045 046 047 048 054 061 064 066 0972 Languages=de en es it fr pl Revision=
FRITZ.Box_6490_Cable-07.51-103623-Inhaus.image came to server 01.03.2023 created on 25.02.2023 OEMs=avm Countries=049 99 0234 0255 0256 0264 0267 027 030 031 032 033 034 0351 0352 0353 0357 0358 036 0371 0372 0376 0382 0385 0386 0387 0389 039 041 0420 0421 043 044 045 046 047 048 054 061 064 066 0972 Languages=de en es it fr pl Revision=
FRITZ.Box_6490_Cable-07.51-103625-Inhaus.image came to server 01.03.2023 created on 25.02.2023 OEMs=kdg Countries=049 99 0234 0255 0256 0264 0267 027 030 031 032 033 034 0351 0352 0353 0357 0358 036 0371 0372 0376 0382 0385 0386 0387 0389 039 041 0420 0421 043 044 045 046 047 048 054 061 064 066 0972 Languages=de en es it fr pl Revision=
FRITZ.Box_6490_Cable-07.51-104094-Inhaus.image came to server 23.03.2023 created on 18.03.2023 OEMs=avm Countries=049 99 0234 0255 0256 0264 0267 027 030 031 032 033 034 0351 0352 0353 0357 0358 036 0371 0372 0376 0382 0385 0386 0387 0389 039 041 0420 0421 043 044 045 046 047 048 054 061 064 066 0972 Languages=de en es it fr pl Revision=
FRITZ.Box_6490_Cable-07.51-104096-Inhaus.image came to server 23.03.2023 created on 18.03.2023 OEMs=kdg Countries=049 99 0234 0255 0256 0264 0267 027 030 031 032 033 034 0351 0352 0353 0357 0358 036 0371 0372 0376 0382 0385 0386 0387 0389 039 041 0420 0421 043 044 045 046 047 048 054 061 064 066 0972 Languages=de en es it fr pl Revision=
FRITZ.Box_6490_Cable-07.51-105163-Inhaus.image came to server 02.05.2023 created on 29.04.2023 OEMs=avm Countries=049 99 0234 0255 0256 0264 0267 027 030 031 032 033 034 0351 0352 0353 0357 0358 036 0371 0372 0376 0382 0385 0386 0387 0389 039 041 0420 0421 043 044 045 046 047 048 054 061 064 066 0972 Languages=de en es it fr pl Revision=
FRITZ.Box_6490_Cable-07.51-105165-Inhaus.image came to server 02.05.2023 created on 29.04.2023 OEMs=kdg Countries=049 99 0234 0255 0256 0264 0267 027 030 031 032 033 034 0351 0352 0353 0357 0358 036 0371 0372 0376 0382 0385 0386 0387 0389 039 041 0420 0421 043 044 045 046 047 048 054 061 064 066 0972 Languages=de en es it fr pl Revision=
FRITZ.Box_6490_Cable-07.51-105332-Inhaus.image came to server 11.05.2023 created on 06.05.2023 OEMs=avm Countries=049 99 0234 0255 0256 0264 0267 027 030 031 032 033 034 0351 0352 0353 0357 0358 036 0371 0372 0376 0382 0385 0386 0387 0389 039 041 0420 0421 043 044 045 046 047 048 054 061 064 066 0972 Languages=de en es it fr pl Revision=
FRITZ.Box_6490_Cable-07.51-105334-Inhaus.image came to server 11.05.2023 created on 06.05.2023 OEMs=kdg Countries=049 99 0234 0255 0256 0264 0267 027 030 031 032 033 034 0351 0352 0353 0357 0358 036 0371 0372 0376 0382 0385 0386 0387 0389 039 041 0420 0421 043 044 045 046 047 048 054 061 064 066 0972 Languages=de en es it fr pl Revision=
FRITZ.Box_6490_Cable-07.51-106543-Inhaus.image came to server 15.06.2023 created on 09.06.2023 OEMs=avm Countries=049 99 0234 0255 0256 0264 0267 027 030 031 032 033 034 0351 0352 0353 0357 0358 036 0371 0372 0376 0382 0385 0386 0387 0389 039 041 0420 0421 043 044 045 046 047 048 054 061 064 066 0972 Languages=de en es it fr pl Revision=
FRITZ.Box_6490_Cable-07.51-106545-Inhaus.image came to server 15.06.2023 created on 09.06.2023 OEMs=kdg Countries=049 99 0234 0255 0256 0264 0267 027 030 031 032 033 034 0351 0352 0353 0357 0358 036 0371 0372 0376 0382 0385 0386 0387 0389 039 041 0420 0421 043 044 045 046 047 048 054 061 064 066 0972 Languages=de en es it fr pl Revision=
