FRITZ.Box_6820_LTE-07.51-102446-Inhaus.image came to server 16.01.2023 created on 07.01.2023 OEMs=avme Countries=049 99 0234 0255 0256 0264 0267 027 030 031 032 033 034 0351 0352 0353 0357 0358 036 0371 0372 0376 0382 0385 0386 0387 0389 039 041 0420 0421 043 044 045 046 047 048 054 061 064 066 0972 Languages=de en es it fr pl Revision=
FRITZ.Box_6820_LTE-07.51-103125-Inhaus.image came to server 10.02.2023 created on 07.02.2023 OEMs=avme Countries=049 99 0234 0255 0256 0264 0267 027 030 031 032 033 034 0351 0352 0353 0357 0358 036 0371 0372 0376 0382 0385 0386 0387 0389 039 041 0420 0421 043 044 045 046 047 048 054 061 064 066 0972 Languages=de en es it fr pl Revision=
FRITZ.Box_6820_LTE-07.51-103209-Inhaus.image came to server 10.02.2023 created on 07.02.2023 OEMs=avm Countries=049 99 0234 0255 0256 0264 0267 027 030 031 032 033 034 0351 0352 0353 0357 0358 036 0371 0372 0376 0382 0385 0386 0387 0389 039 041 0420 0421 043 044 045 046 047 048 054 061 064 066 0972 Languages=de en es it fr pl Revision=
FRITZ.Box_6820_LTE-07.51-103399-Inhaus.image came to server 21.02.2023 created on 18.02.2023 OEMs=avme Countries=049 99 0234 0255 0256 0264 0267 027 030 031 032 033 034 0351 0352 0353 0357 0358 036 0371 0372 0376 0382 0385 0386 0387 0389 039 041 0420 0421 043 044 045 046 047 048 054 061 064 066 0972 Languages=de en es it fr pl Revision=
FRITZ.Box_6820_LTE-07.51-103950-Inhaus.image came to server 17.03.2023 created on 11.03.2023 OEMs=avme Countries=049 99 0234 0255 0256 0264 0267 027 030 031 032 033 034 0351 0352 0353 0357 0358 036 0371 0372 0376 0382 0385 0386 0387 0389 039 041 0420 0421 043 044 045 046 047 048 054 061 064 066 0972 Languages=de en es it fr pl Revision=
FRITZ.Box_6820_LTE-07.51-104104-Inhaus.image came to server 23.03.2023 created on 18.03.2023 OEMs=avme Countries=049 99 0234 0255 0256 0264 0267 027 030 031 032 033 034 0351 0352 0353 0357 0358 036 0371 0372 0376 0382 0385 0386 0387 0389 039 041 0420 0421 043 044 045 046 047 048 054 061 064 066 0972 Languages=de en es it fr pl Revision=
FRITZ.Box_6820_LTE-07.51-104454-Inhaus.image came to server 05.04.2023 created on 01.04.2023 OEMs=avme Countries=049 99 0234 0255 0256 0264 0267 027 030 031 032 033 034 0351 0352 0353 0357 0358 036 0371 0372 0376 0382 0385 0386 0387 0389 039 041 0420 0421 043 044 045 046 047 048 054 061 064 066 0972 Languages=de en es it fr pl Revision=
FRITZ.Box_6820_LTE-07.51-104826-Inhaus.image came to server 19.04.2023 created on 15.04.2023 OEMs=avme Countries=049 99 0234 0255 0256 0264 0267 027 030 031 032 033 034 0351 0352 0353 0357 0358 036 0371 0372 0376 0382 0385 0386 0387 0389 039 041 0420 0421 043 044 045 046 047 048 054 061 064 066 0972 Languages=de en es it fr pl Revision=
FRITZ.Box_6820_LTE-07.51-104943-Inhaus.image came to server 03.05.2023 created on 15.04.2023 OEMs=avm Countries=049 99 0234 0255 0256 0264 0267 027 030 031 032 033 034 0351 0352 0353 0357 0358 036 0371 0372 0376 0382 0385 0386 0387 0389 039 041 0420 0421 043 044 045 046 047 048 054 061 064 066 0972 Languages=de en es it fr pl Revision=
FRITZ.Box_6820_LTE-07.51-105016-Inhaus.image came to server 28.04.2023 created on 22.04.2023 OEMs=avme Countries=049 99 0234 0255 0256 0264 0267 027 030 031 032 033 034 0351 0352 0353 0357 0358 036 0371 0372 0376 0382 0385 0386 0387 0389 039 041 0420 0421 043 044 045 046 047 048 054 061 064 066 0972 Languages=de en es it fr pl Revision=
FRITZ.Box_6820_LTE-07.51-106559-Inhaus.image came to server 16.06.2023 created on 12.06.2023 OEMs=avme Countries=049 99 0234 0255 0256 0264 0267 027 030 031 032 033 034 0351 0352 0353 0357 0358 036 0371 0372 0376 0382 0385 0386 0387 0389 039 041 0420 0421 043 044 045 046 047 048 054 061 064 066 0972 Languages=de en es it fr pl Revision=
FRITZ.Box_6820_LTE-07.51-106662-Inhaus.image came to server 19.06.2023 created on 19.06.2023 OEMs=avm Countries=049 99 0234 0255 0256 0264 0267 027 030 031 032 033 034 0351 0352 0353 0357 0358 036 0371 0372 0376 0382 0385 0386 0387 0389 039 041 0420 0421 043 044 045 046 047 048 054 061 064 066 0972 Languages=de en es it fr pl Revision=
FRITZ.Box_6820_LTE-07.51-106687-Inhaus.image came to server 23.06.2023 created on 19.06.2023 OEMs=avme Countries=049 99 0234 0255 0256 0264 0267 027 030 031 032 033 034 0351 0352 0353 0357 0358 036 0371 0372 0376 0382 0385 0386 0387 0389 039 041 0420 0421 043 044 045 046 047 048 054 061 064 066 0972 Languages=de en es it fr pl Revision=
